5
2 28 14 7 1
2 28
-6.6187377 0.609700143 -3.94281554 -6.40148354 -3.41718459 -2.28668785 -15.959857 -7.0334363 3.91452909 -0.969638646 2.28573585 4.71598005 -5.09652615 17.6013546 1.62675953 -10.9955721 0.188814387 3.53379393 4.78669405 -0.237008408 1.13330173 0.508166015 1.99408305 3.77823973 3.25991273 -7.38991547 -5.66548061 0.0102025531 
3.24260449 -13.4014778 -4.06948185 -1.39149678 3.30422807 9.53994751 0.536383629 -0.630923629 2.083781 -3.43094254 -7.44868135 -2.55606174 -4.87734222 0.847419024 1.20920825 8.06366158 10.4907103 4.02898359 -12.6777754 -11.8383646 -5.67300701 11.1082525 -5.93852806 2.36114097 -1.83186257 -4.28362179 -0.805925608 -3.31923318 
1 28
3.17757869 10.205596 4.93548346 4.13778257 -0.666661739 -5.5647397 10.630764 4.34158039 -3.92347836 1.07655525 2.90413713 -1.34259403 3.24410081 -8.19070625 -2.17833471 -0.73332721 -7.78090239 -5.35463381 -1.90885711 2.78788686 1.53543913 -3.41862202 1.30041087 -3.35570431 -1.95778167 3.63494587 3.53421354 1.58646452 
28 14
2.60698128 0.303029895 -0.672174871 0.391012967 2.18612599 -0.595480382 1.0231055 0.0356170312 0.765041411 -0.639210343 -0.709708333 3.76287746 0.604101777 -0.654956579 
3.36672783 5.4290328 4.09834671 -3.56899071 0.424154043 -4.6882391 0.0841459036 -7.35916805 0.197453931 -4.99739981 4.46760511 0.646341026 -0.651309609 0.462007791 
2.2770102 1.19960284 2.86049461 0.28403309 2.16398501 -2.11186123 -2.16882801 -1.37539542 -1.13360786 -2.39880061 -2.12826276 -0.246370807 -0.0996991992 1.21773875 
2.64083982 1.29438829 1.22244632 0.573606431 2.58571768 -1.09533823 -2.0402472 0.0575573668 -0.288451493 -0.887570441 -3.31542349 1.14197934 0.600169599 1.20963454 
0.853021204 -1.10734117 -1.42868292 0.58960855 1.09826255 1.04174697 -1.40849388 1.3735497 0.0475218035 0.056863036 -0.171326458 0.198691815 -0.306202203 0.393880248 
-1.92857599 -3.68598342 -2.52188945 1.64206374 -0.100910299 2.0730021 -1.49098659 4.91910934 0.967442632 3.30301309 -1.88430166 -0.0357550643 0.389861405 -1.02545059 
6.56035805 1.66633713 -3.23602271 0.0331328847 5.19347811 -3.02410483 5.36845303 0.022802053 0.69587636 -1.54468811 -0.917159438 5.75613356 0.2369726 -0.327902406 
2.43816042 0.0452786461 1.1719408 -0.442008883 2.99954629 -1.84781265 -0.896928847 1.37389481 -0.449386448 -1.14782536 -2.76996326 2.55462646 -0.780765533 1.58713889 
-2.7003026 -1.18990386 -0.819084823 -0.413841426 -1.37181544 1.93616819 1.45035791 -2.25418639 1.07671285 0.0464601517 2.68613267 0.898472011 -0.829439938 -0.744441211 
0.775983751 0.66774708 1.43181944 -0.463442147 -0.414624691 -1.53217709 -1.3659941 -0.329000592 0.0444720685 -0.135528803 -1.40434551 -1.15516245 -0.374221414 0.587463498 
-0.803163826 0.829819798 4.4186101 -1.2440747 -0.330528855 -1.79015124 0.908200383 -3.41940975 -1.90366173 -1.5019964 -0.0178434923 -0.818269312 -1.6250695 2.30161595 
-1.30703175 0.993525863 1.37731469 -0.0012292912 -1.91662276 -0.0456412919 1.64216077 -2.31551814 -0.757570446 0.0163016133 2.08096123 0.349322289 -0.428525686 -0.639023423 
1.78813899 0.941622853 2.12356782 0.282870352 1.32634926 -1.02658975 -2.03967261 1.24843788 -0.99896431 -0.112547725 -4.26304483 0.175170317 0.0360533632 0.949882448 
0.827982664 1.45338309 -4.94256401 -1.71027875 -1.03004336 0.0173086245 7.98963118 -4.12802649 1.33391917 -1.53875768 7.12862015 -0.776514769 -0.651711941 -1.58617413 
-1.8923986 0.485430717 0.677901745 0.640066981 -0.527550042 0.662646413 1.01004612 -0.21298945 0.742170811 0.847455144 -0.120557547 0.774224818 0.444847256 -0.424935341 
0.866351604 -2.58546185 1.88689518 0.894632399 0.372368574 0.814535141 -4.93441868 3.37072134 -0.455882013 1.56100345 -3.75770211 0.0258641504 0.190829724 0.168480679 
-2.72336268 -3.5775032 -3.10864854 1.44389391 -1.51980507 3.75064898 0.291673481 4.39585924 1.55351198 3.59351444 -2.61412597 -0.181166321 1.52154326 -1.5691582 
-2.4886446 -2.07115555 -1.85221708 -0.139444768 -2.17956114 2.84843183 1.16195118 -0.55370003 -0.39065212 2.30252075 0.78892988 -0.0791224539 0.0309444219 -0.500474453 
-2.77178144 0.475360781 3.14883614 -0.906480134 -0.499436766 -0.75928551 -6.70800209 1.68551874 -0.647674263 0.355581254 -3.299366 -2.25187421 0.0385468341 0.49949193 
-0.334541917 -0.21494244 2.64941669 -0.725071669 -1.48054636 0.0327825733 -5.19599485 2.33130169 -0.0912692472 -0.527052224 -5.36411619 -4.1036706 0.299553961 0.238636196 
-1.48327696 1.81190825 2.6956439 -1.30716121 0.783553541 -0.383029372 -0.690336823 -0.00475732377 -0.84767288 0.0117242225 -2.0432353 -2.17347383 -1.31599021 1.48345006 
0.131421685 -0.947634935 -2.0670836 -0.302619994 -1.10420096 0.117407113 3.64957309 -2.10752296 -0.5758183 -0.268731683 5.84601545 3.95580792 0.915582061 -0.546163976 
-0.0151911434 1.58969009 4.21549082 -0.524779916 -1.15109646 -0.0127079301 -1.44496393 -1.78126693 -0.503546059 -1.90673769 -1.46821082 -2.21050477 -0.907334208 1.94995975 
-0.965457082 -0.533122659 -0.381914347 -1.44513321 -1.45071054 0.744124591 1.1211915 -1.31278372 0.773525953 1.26271343 3.52268028 -0.327914089 0.853388011 -1.0208323 
-2.36410451 0.448430806 1.00362015 -0.80277878 -2.02309465 0.97869432 -0.453804344 -1.94817924 -0.8239066 0.614154041 -0.315504193 -0.367371082 0.289778918 -0.283262312 
1.28237009 -0.305165201 1.26914263 0.412342548 0.383687884 -0.274723738 -3.02327561 1.30979764 0.0494407862 0.0625315085 -4.38666773 0.820145547 0.509334385 -0.749019742 
2.79502726 0.500729978 1.48817003 -0.53050977 2.19916868 -1.61519754 -0.799873531 0.725518405 -0.523508251 -0.397948265 -1.82256389 1.98187423 -0.73655194 1.18755138 
0.200229034 1.81414533 2.45684409 -0.679018617 0.409811199 -0.447883874 -0.629986525 -1.20521426 -0.192010716 -1.43044925 -0.154265493 0.0426217988 0.280696392 1.12381327 
1 14
-1.4222753 -0.338390708 1.30499268 -1.70450175 -1.05868018 1.07070255 0.993768394 -1.12291884 -1.37288296 -0.769553781 0.760100484 0.577555656 0.0776168555 0.617433012 
14 7
-1.0061698 -5.64592981 -0.245865688 2.52531099 3.03316379 -1.43098509 0.410717905 
1.6278429 -3.31510878 0.159260958 1.03640592 0.795836329 3.71404719 -0.997768402 
-3.31467652 8.8475771 -1.36755991 -1.9447968 -4.24156189 -4.80920887 2.06118846 
-0.571966827 1.71601331 -0.056411963 -0.680111945 -1.04634202 1.20372486 0.800942421 
2.84484339 0.67535013 -0.326529771 -0.0363545232 -0.790992379 1.80679584 -1.08481336 
-1.91507292 4.42201328 -1.24933279 -0.49987185 -0.478314012 -1.61370659 -0.401818305 
-3.90848804 -7.12158632 0.44542557 2.51629281 4.95849752 -3.98452353 0.881483972 
2.55778646 5.49115944 -0.0513180979 -2.86067128 -2.01505804 3.30702758 -0.446489871 
0.40026924 -1.41720164 1.02687752 0.460064471 1.1854552 1.77102613 0.468109965 
-0.557337582 4.5719409 -0.699854374 -1.23957479 0.314436406 0.189522937 0.0654010475 
2.47892714 3.23299909 0.205710009 -1.28950143 -3.34697008 0.278969854 0.148948222 
0.793829679 4.05266047 0.670982361 -0.441910803 -1.38902402 -0.429173648 -0.368879527 
-1.14104104 -0.93191725 -0.41169998 -0.655620635 1.20236814 0.542159855 -0.609665394 
-2.16054988 0.860204816 -0.762507141 0.0492631271 -1.32180965 -1.38954461 1.40845084 
1 7
-0.48579976 0.987792432 -0.580807149 0.0614059456 0.883482337 0.56661278 0.137355 
7 1
-5.85913038 
-9.63365078 
-1.19763219 
2.32278442 
4.44219732 
-6.08415651 
1.80073559 
1 1
-0.986677647 
